============================================================
  PyPulse — Sequence Summary
============================================================

[ Measurement Points ]
  Min        : 0 ns
  Max        : 300000 ns
  Num points : 200
  Points     : [0, 1507, 3014, 4521, 6028, 7535, 9042, 10549, 12056, 13563, 15070, 16577, 18084, 19591, 21098, 22605, 24112, 25619, 27126, 28633, 30140, 31647, 33154, 34661, 36168, 37675, 39182, 40689, 42196, 43703, 45210, 46717, 48224, 49731, 51238, 52745, 54252, 55759, 57266, 58773, 60280, 61787, 63294, 64801, 66308, 67815, 69322, 70829, 72336, 73843, 75350, 76857, 78364, 79871, 81378, 82885, 84392, 85899, 87406, 88913, 90420, 91927, 93434, 94941, 96448, 97955, 99462, 100969, 102476, 103983, 105490, 106997, 108504, 110011, 111518, 113025, 114532, 116039, 117546, 119053, 120560, 122067, 123574, 125081, 126588, 128095, 129602, 131109, 132616, 134123, 135630, 137137, 138644, 140151, 141658, 143165, 144672, 146179, 147686, 149193, 150700, 152207, 153714, 155221, 156728, 158235, 159742, 161249, 162756, 164263, 165770, 167277, 168784, 170291, 171798, 173305, 174812, 176319, 177826, 179333, 180840, 182347, 183854, 185361, 186868, 188375, 189882, 191389, 192896, 194403, 195910, 197417, 198924, 200431, 201938, 203445, 204952, 206459, 207966, 209473, 210980, 212487, 213994, 215501, 217008, 218515, 220022, 221529, 223036, 224543, 226050, 227557, 229064, 230571, 232078, 233585, 235092, 236599, 238106, 239613, 241120, 242627, 244134, 245641, 247148, 248655, 250162, 251669, 253176, 254683, 256190, 257697, 259204, 260711, 262218, 263725, 265232, 266739, 268246, 269753, 271260, 272767, 274274, 275781, 277288, 278795, 280302, 281809, 283316, 284823, 286330, 287837, 289344, 290851, 292358, 293865, 295372, 296879, 298386, 299893]

[ Repetitions ]
  Repetitions per point : 1
  Total acquisitions    : 200

[ Variables ]
  Name            Expression           Sweep
  --------------- -------------------- -----
  laser           1e6                  no
  wait            200                  no
  RF              350                  yes
  boxcar_trigger  10000                no
  corrected_laser laser-boxcar_trigger no

[ Pulse Diagram — one measurement point ]

  Duration | boxcar_trigger | corrected_laser | wait |  RF | boxcar_trigger | corrected_laser | wait |  RF |
  ----------------------------------------------------------------------------------------------------------
  D0       | TTTTTTTTTTTTTT | TTTTTTTTTTTTTTT |      |     | TTTTTTTTTTTTTT | TTTTTTTTTTTTTTT |      |     |  ← sweep
  D1       |                |                 |      |     |                |                 |      |     |
  D2       | TTTTTTTTTTTTTT |                 |      |     | TTTTTTTTTTTTTT |                 |      |     |  ← sweep
  D3       |                |                 |      | TTT |                |                 |      |     |  ← sweep
  D4       |                |                 |      |     |                |                 |      |     |
  D5       |                |                 |      |     |                |                 |      |     |
  D6       |                |                 |      |     |                |                 |      |     |
  D7       |                |                 |      |     |                |                 |      |     |
  A0       |      0.5       |       0.5       | 0.5  | 0.5 |      -0.5      |       -0.5      | -0.5 | -0.5|  ← sweep
  A1       |                |                 |      |     |                |                 |      |     |
  Sweep col |                |                 |      | ^^^ |                |                 |      | ^^^ |

============================================================